7
1 1 9.800000 0.161905 0.270085 1.000000 0.600000
1 3 9.800000 0.192772 0.301204 0.033500 0.366500
0 1 1.000000 0.000000 0.036144 0.000000 0.000183
0 1 1.000000 0.000000 0.057061 0.000000 0.000024
0 1 1.000000 0.000000 0.058974 0.000000 0.000134
1 5 1.000000 0.000855 0.059035 0.000000 0.000904
0 3 1.000000 0.000000 0.070000 0.000000 0.125000
1 1 9.800000 0.161905 0.270085 1.000000 0.600000
1 3 9.800000 0.192772 0.301204 0.033500 0.366500
0 1 1.000000 0.000000 0.036144 0.000000 0.000183
0 1 1.000000 0.000000 0.057061 0.000000 0.000024
0 1 1.000000 0.000000 0.058974 0.000000 0.000134
1 5 1.000000 0.000855 0.059035 0.000000 0.000904
0 3 1.000000 0.000000 0.070000 0.000000 0.125000
1 1 9.800000 0.161905 0.270085 1.000000 0.600000
1 3 9.800000 0.192772 0.301204 0.033500 0.366500
0 1 1.000000 0.000000 0.036144 0.000000 0.000183
0 1 1.000000 0.000000 0.057061 0.000000 0.000024
0 1 1.000000 0.000000 0.058974 0.000000 0.000134
1 5 1.000000 0.000855 0.059035 0.000000 0.000904
0 3 1.000000 0.000000 0.070000 0.000000 0.125000
1 1 9.800000 0.161905 0.270085 1.000000 0.600000
1 3 9.800000 0.192772 0.301204 0.033500 0.366500
0 1 1.000000 0.000000 0.036144 0.000000 0.000183
0 1 1.000000 0.000000 0.057061 0.000000 0.000024
0 1 1.000000 0.000000 0.058974 0.000000 0.000134
1 5 1.000000 0.000855 0.059035 0.000000 0.000904
0 3 1.000000 0.000000 0.070000 0.000000 0.125000
1 1 9.800000 0.161905 0.270085 1.000000 0.600000
1 3 9.800000 0.192772 0.301204 0.033500 0.366500
0 1 1.000000 0.000000 0.036144 0.000000 0.000183
0 1 1.000000 0.000000 0.057061 0.000000 0.000024
0 1 1.000000 0.000000 0.058974 0.000000 0.000134
1 5 1.000000 0.000855 0.059035 0.000000 0.000904
0 3 1.000000 0.000000 0.070000 0.000000 0.125000
1 1 9.800000 0.161905 0.270085 1.000000 0.600000
1 3 9.800000 0.192772 0.301204 0.033500 0.366500
0 1 1.000000 0.000000 0.036144 0.000000 0.000183
0 1 1.000000 0.000000 0.057061 0.000000 0.000024
0 1 1.000000 0.000000 0.058974 0.000000 0.000134
1 5 1.000000 0.000855 0.059035 0.000000 0.000904
0 3 1.000000 0.000000 0.070000 0.000000 0.125000
1 1 9.800000 0.161905 0.270085 1.000000 0.600000
1 3 9.800000 0.192772 0.301204 0.033500 0.366500
0 1 1.000000 0.000000 0.036144 0.000000 0.000183
0 1 1.000000 0.000000 0.057061 0.000000 0.000024
0 1 1.000000 0.000000 0.058974 0.000000 0.000134
1 5 1.000000 0.000855 0.059035 0.000000 0.000904
0 3 1.000000 0.000000 0.070000 0.000000 0.125000
1 1 9.800000 0.161905 0.270085 1.000000 0.600000
1 3 9.800000 0.192772 0.301204 0.033500 0.366500
0 1 1.000000 0.000000 0.036144 0.000000 0.000183
0 1 1.000000 0.000000 0.057061 0.000000 0.000024
0 1 1.000000 0.000000 0.058974 0.000000 0.000134
1 5 1.000000 0.000855 0.059035 0.000000 0.000904
0 3 1.000000 0.000000 0.070000 0.000000 0.125000
