0008	0010	1	0
0008	0020	2	0
0008	0030	2	0
0008	0040	1	0
0008	0060	2	0
0008	0080	2	0
0008	0090	2	0
0008	1040	3	0
0008	1060	3	0
0008	1090	3	0
0009	8000	3	0
0009	8010	3	0
0009	8020	3	0
0009	8030	3	0
0010	0010	2	0
0010	0020	2	0
0018	0050	2	0
0018	0060	2	1002,0
0018	0080	2	0
0018	0081	2	0
0018	0085	2	0
0018	1120	3	0
0020	0010	2	0
0020	0011	2D	0
0028	1100	2D	1003,0
0028	1101	2D	1003,0
0028	1102	2D	1003,0
0028	1103	2D	1003,0
0028	1200	2D	4,0
0028	1201	2D	4,0
0028	1202	2D	4,0
0028	1203	2D	4,0
002D	8000	1	0
002D	8010	1D	1002,0
002D	8020	1	0
002D	8030	1D	1,0
002D	8040	1D	2,0
002D	8050	1	0
002D	8060	1D	1,0
002D	8070	1	0
002D	8080	1	6,1002,0
002D	8081	1D	0
0002D	8082	1D	0
002D	8090	1	0
002D	80A0	1	1002,0
002D	80B0	1D	1002,0
002D	80C0	2	0
002D	80D0	2	4,0
002D	80E0	3	0
