0008	0010	1	0
0008	0020	2	0
0008	0030	2	0
0008	0040	1	0
0008	0060	2	0
0008	0080	2	0
0008	0090	2	0
0008	1040	3	0
0008	1060	3	0
0008	1090	3	0
0009	8000	3	0
0009	8010	3	0
0009	8020	3	0
0009	8030	3	0
0010	0010	2	0
0010	0020	2	0
0018	0050	2	0
0018	0060	2	1002,0
0018	0080	2	0
0018	0081	2	0
0018	0085	2	0
0018	1120	3	0
0020	0010	2	0
0020	0011	2D	0
0028	1100	2D	1003,0
0028	1101	2D	1003,0
0028	1102	2D	1003,0
0028	1103	2D	1003,0
0028	1200	2D	4,0
0028	1201	2D	4,0
0028	1202	2D	4,0
0028	1203	2D	4,0
002B	8000	1	0
002B	8005	1D	0
002B	8010	1D	2,9999,1,0
002B	8015	2D	3,0
002B	8020	1D	4,0
002B	8025	2	4,0
002B	8030	1	5,0
002B	8040	1	6,0
002B	8050	1	0
002B	8060	1	0
002B	8065	2	2,0
002B	8066	2	2,0
002B	8070	1D	11,4,0
002B	8080	1D	12,5,0
002B	8090	1	0
002B	80A0	1D	1,0
002B	80B0	1	0
002B	80C0	1	9,1002,0
002B	80D0	1	0
002B	80E0	1D	1,0
002B	80F0	1	0
002B	8100	1	12,1002,0
002B	8110	1	22,1000,0
002B	8120	1	1002,0
002B	8130	1	2,0
002B	8131	1D	0
002B	8132 	1D	1,0
002B	8134	1D	22,2,0
002B	8140	2	27,28,1002,0
002B	8150	3	28,0
002B	8160	3	29,0
002B	8170	3	30,0
002B	8180	3	0
